14 0.6078125 0.7375 0.0421875 0.06953125
10 0.7609375 0.75546875 0.09375 0.08671875
10 0.9390625 0.78359375 0.11953125 0.1015625
10 0.1375 0.70546875 0.025 0.03359375
14 0.63984375 0.74453125 0.053125 0.08046875
13 0.146875 0.73828125 0.0171875 0.0484375
10 0.43515625 0.80078125 0.246875 0.284375
16 0.20078125 0.71328125 0.034375 0.040625
13 0.0859375 0.73671875 0.01796875 0.05234375
10 0.23671875 0.70703125 0.02734375 0.03671875
10 0.065625 0.696875 0.028125 0.03046875
14 0.10703125 0.70703125 0.02578125 0.04765625
10 0.29375 0.71171875 0.040625 0.04609375
16 0.51484375 0.73125 0.04453125 0.06171875
13 0.2265625 0.73203125 0.015625 0.03984375
13 0.0578125 0.709375 0.021875 0.03046875
