13 0.24765625 0.72421875 0.07421875 0.16328125
10 0.93125 0.784375 0.1375 0.428125
10 0.425 0.6078125 0.04375 0.04453125
16 0.2859375 0.621875 0.07734375 0.065625
10 0.94765625 0.60625 0.06484375 0.06015625
10 0.3625 0.60390625 0.04375 0.0265625
13 0.07578125 0.86484375 0.14453125 0.25859375
13 0.5765625 0.709375 0.03828125 0.11171875
14 0.08359375 0.63515625 0.10390625 0.0953125
14 0.47890625 0.6625 0.08515625 0.178125
10 0.62734375 0.5984375 0.01796875 0.028125
10 0.640625 0.59140625 0.0140625 0.01953125
10 0.5546875 0.596875 0.02421875 0.02578125
10 0.5953125 0.59140625 0.01796875 0.01640625
13 0.703125 0.6109375 0.01484375 0.03125
10 0.53359375 0.5984375 0.02265625 0.0234375
10 0.60703125 0.590625 0.0109375 0.01328125
10 0.58125 0.59296875 0.01328125 0.01796875
