10 0.28203125 0.66328125 0.05234375 0.08046875
10 0.31875 0.65 0.03203125 0.03203125
13 0.89140625 0.7125 0.0578125 0.0796875
16 0.503125 0.65078125 0.046875 0.03828125
14 0.48203125 0.6515625 0.0265625 0.02890625
13 0.18125 0.68515625 0.0171875 0.046875
13 0.98359375 0.70859375 0.02734375 0.07421875
13 0.1328125 0.67265625 0.0140625 0.034375
13 0.2265625 0.68359375 0.01875 0.0578125
14 0.246875 0.64375 0.0140625 0.0125
13 0.240625 0.66328125 0.00859375 0.021875
14 0.20234375 0.66328125 0.02265625 0.0375
14 0.3 0.63984375 0.01015625 0.0125
14 0.50625 0.63828125 0.0171875 0.0234375
14 0.18984375 0.64453125 0.01796875 0.01875
14 0.203125 0.6390625 0.01015625 0.015625
14 0.16953125 0.646875 0.0140625 0.01796875
