13 0.83828125 0.75 0.06484375 0.125
16 0.80390625 0.65625 0.06953125 0.0453125
10 0.15078125 0.6578125 0.175 0.06796875
16 0.709375 0.64140625 0.0296875 0.028125
16 0.73125 0.6421875 0.040625 0.03046875
16 0.4375 0.61875 0.07734375 0.04765625
10 0.784375 0.63828125 0.021875 0.0171875
10 0.690625 0.6421875 0.01875 0.021875
14 0.8328125 0.64375 0.0484375 0.03828125
10 0.1734375 0.61015625 0.11953125 0.065625
13 0.91015625 0.65859375 0.03359375 0.03359375
10 0.321875 0.621875 0.0828125 0.05
14 0.94921875 0.6515625 0.0296875 0.03125
