10 0.0375 0.65546875 0.07421875 0.10546875
10 0.2796875 0.6203125 0.07109375 0.04453125
10 0.86171875 0.62578125 0.028125 0.028125
10 0.5609375 0.62734375 0.02890625 0.02734375
10 0.984375 0.6296875 0.03125 0.0484375
10 0.6703125 0.628125 0.05703125 0.04765625
10 0.93515625 0.62421875 0.02890625 0.0234375
10 0.88984375 0.62421875 0.0359375 0.02578125
13 0.97421875 0.6625 0.02265625 0.053125
10 0.5296875 0.6296875 0.01328125 0.02265625
10 0.95234375 0.6125 0.01640625 0.025
10 0.1421875 0.628125 0.09296875 0.05390625
14 0.78515625 0.62734375 0.0375 0.03125
10 0.63359375 0.62578125 0.01484375 0.0234375
14 0.72421875 0.628125 0.02890625 0.03984375
