13 0.29140625 0.70625 0.06484375 0.1
13 0.5890625 0.69375 0.03359375 0.07890625
10 0.690625 0.6359375 0.03828125 0.02734375
10 0.4765625 0.63515625 0.02734375 0.028125
16 0.08828125 0.6125 0.08515625 0.05
10 0.384375 0.6296875 0.028125 0.0265625
10 0.921875 0.65390625 0.059375 0.05390625
10 0.78359375 0.63359375 0.0203125 0.01484375
10 0.4078125 0.63046875 0.03203125 0.0265625
10 0.853125 0.6390625 0.01953125 0.01953125
14 0.65078125 0.63515625 0.0171875 0.025
10 0.86875 0.6375 0.01640625 0.01953125
10 0.3546875 0.63046875 0.01015625 0.02265625
13 0.85859375 0.66953125 0.0265625 0.04609375
10 0.8109375 0.63203125 0.01484375 0.01484375
10 0.8359375 0.6328125 0.0203125 0.01875
13 0.7578125 0.65859375 0.0125 0.0328125
10 0.4546875 0.62890625 0.0234375 0.02265625
14 0.4953125 0.6296875 0.0421875 0.04140625
10 0.01953125 0.61484375 0.0390625 0.04296875
