13 0.103125 0.6296875 0.0890625 0.09921875
13 0.7125 0.71015625 0.0640625 0.15234375
10 0.75625 0.61015625 0.05 0.05078125
10 0.834375 0.6203125 0.09140625 0.08203125
13 0.83515625 0.73125 0.06796875 0.16015625
13 0.16484375 0.61015625 0.0515625 0.07890625
10 0.9671875 0.6109375 0.025 0.034375
14 0.65234375 0.603125 0.0421875 0.0609375
13 0.5625 0.61015625 0.0296875 0.046875
10 0.98828125 0.62890625 0.0234375 0.08359375
10 0.19296875 0.58359375 0.0171875 0.02734375
14 0.628125 0.60234375 0.01796875 0.04609375
13 0.6 0.61171875 0.01796875 0.03671875
10 0.7359375 0.6015625 0.01875 0.0296875
14 0.79765625 0.59609375 0.01484375 0.01796875
10 0.95234375 0.60234375 0.0125 0.01796875
14 0.89765625 0.6078125 0.01484375 0.025
10 0.93046875 0.62265625 0.053125 0.06640625
