14 0.82578125 0.575 0.03359375 0.06015625
13 0.196875 0.73671875 0.14921875 0.22578125
10 0.28359375 0.6234375 0.265625 0.2390625
10 0.7125 0.5609375 0.02734375 0.01953125
10 0.42265625 0.56328125 0.06796875 0.034375
15 0.86796875 0.56015625 0.01875 0.0265625
10 0.0421875 0.56796875 0.07890625 0.04453125
13 0.8703125 0.58671875 0.0109375 0.03046875
13 0.8171875 0.6078125 0.02265625 0.0515625
14 0.93671875 0.60859375 0.084375 0.16328125
14 0.48984375 0.690625 0.1921875 0.19609375
14 0.91328125 0.57421875 0.0359375 0.03984375
