15 0.18671875 0.5484375 0.05703125 0.07265625
13 0.60234375 0.725 0.14453125 0.2375
13 0.15625 0.59453125 0.0265625 0.07265625
14 0.35 0.5953125 0.11015625 0.1875
15 0.96484375 0.55 0.0703125 0.0921875
15 0.284375 0.56015625 0.03984375 0.07578125
16 0.74375 0.59921875 0.2828125 0.2375
13 0.11171875 0.5609375 0.0171875 0.04609375
15 0.221875 0.53671875 0.02265625 0.02265625
16 0.409375 0.5453125 0.025 0.03359375
13 0.01796875 0.59296875 0.025 0.08984375
15 0.121875 0.5359375 0.01328125 0.015625
15 0.0359375 0.5421875 0.0125 0.02265625
15 0.090625 0.553125 0.028125 0.053125
13 0.05390625 0.5609375 0.01484375 0.03984375
14 0.39921875 0.54453125 0.01328125 0.02265625
15 0.2125 0.53671875 0.009375 0.01953125
