16 0.140625 0.81328125 0.12421875 0.109375
16 0.20859375 0.7890625 0.0375 0.053125
10 0.37578125 0.7359375 0.034375 0.0390625
10 0.03671875 0.8140625 0.07265625 0.1125
13 0.071875 0.91171875 0.140625 0.1765625
13 0.2875 0.8125 0.0375 0.06484375
10 0.440625 0.73984375 0.0328125 0.0171875
10 0.3390625 0.7359375 0.0234375 0.0234375
10 0.26328125 0.76640625 0.0140625 0.01953125
10 0.24296875 0.77421875 0.01796875 0.0359375
10 0.2265625 0.76640625 0.0125 0.01875
14 0.528125 0.7375 0.0375 0.03515625
10 0.21484375 0.75625 0.0125 0.0140625
