13 0.71796875 0.78046875 0.09609375 0.21953125
13 0.51484375 0.790625 0.07890625 0.24296875
10 0.63359375 0.634375 0.0875 0.059375
13 0.25859375 0.690625 0.04921875 0.12578125
10 0.47890625 0.63046875 0.02421875 0.0484375
10 0.42578125 0.63203125 0.059375 0.08359375
10 0.60234375 0.63203125 0.0375 0.04375
13 0.3359375 0.62890625 0.009375 0.02734375
10 0.1 0.6078125 0.0625 0.0375
10 0.39375 0.61640625 0.0140625 0.01796875
13 0.35078125 0.6296875 0.009375 0.02890625
13 0.30703125 0.634375 0.0109375 0.0328125
