13 0.25 0.6546875 0.06640625 0.15703125
13 0.07578125 0.56953125 0.025 0.0609375
10 0.29765625 0.54140625 0.053125 0.028125
14 0.65078125 0.65 0.2484375 0.36015625
13 0.375 0.59296875 0.03515625 0.08828125
15 0.18671875 0.5484375 0.07265625 0.09296875
16 0.91015625 0.546875 0.140625 0.08046875
13 0.9515625 0.7171875 0.09609375 0.2125
13 0.01328125 0.5640625 0.01953125 0.0515625
10 0.1421875 0.534375 0.02421875 0.025
13 0.16328125 0.584375 0.02734375 0.0703125
10 0.05078125 0.55 0.03828125 0.06015625
10 0.10546875 0.53125 0.015625 0.0125
