16 0.12578125 0.65859375 0.17890625 0.109375
10 0.5609375 0.6171875 0.04453125 0.040625
10 0.9078125 0.678125 0.14921875 0.17734375
16 0.4828125 0.62265625 0.06015625 0.05546875
10 0.62421875 0.61171875 0.03515625 0.0375
13 0.6828125 0.66171875 0.02265625 0.0625
13 0.7515625 0.66171875 0.02109375 0.059375
10 0.76484375 0.60546875 0.01640625 0.0234375
10 0.690625 0.60703125 0.0171875 0.02421875
14 0.715625 0.634375 0.03828125 0.075
10 0.659375 0.60703125 0.0328125 0.03046875
10 0.72734375 0.6 0.0140625 0.025
13 0.81875 0.615625 0.0125 0.025
10 0.7515625 0.6015625 0.01328125 0.02265625
16 0.246875 0.60625 0.05546875 0.040625
16 0.184375 0.61015625 0.06328125 0.04375
16 0.075 0.61796875 0.0828125 0.05390625
