10 0.6359375 0.62421875 0.05703125 0.04765625
10 0.575 0.63359375 0.05 0.04296875
13 0.7296875 0.65234375 0.01640625 0.04296875
10 0.9265625 0.66640625 0.10546875 0.13125
10 0.45703125 0.6390625 0.09296875 0.0703125
13 0.82109375 0.6609375 0.0171875 0.04609375
10 0.7984375 0.6359375 0.028125 0.06171875
10 0.74375 0.615625 0.0171875 0.02265625
10 0.0171875 0.696875 0.03359375 0.0890625
10 0.7140625 0.61484375 0.01640625 0.02265625
10 0.75859375 0.61484375 0.01484375 0.02109375
10 0.83359375 0.61484375 0.0140625 0.0203125
10 0.53125 0.62421875 0.02890625 0.028125
10 0.303125 0.6140625 0.0390625 0.03515625
10 0.771875 0.61640625 0.01171875 0.015625
10 0.78203125 0.6125 0.015625 0.02421875
13 0.878125 0.63359375 0.01171875 0.02890625
13 0.43046875 0.9015625 0.12890625 0.18828125
