10 0.5921875 0.65078125 0.03359375 0.04140625
15 0.409375 0.6421875 0.0453125 0.0421875
15 0.553125 0.6390625 0.03671875 0.0265625
13 0.44609375 0.71328125 0.03046875 0.0875
15 0.5046875 0.63828125 0.0265625 0.025
14 0.46015625 0.6421875 0.021875 0.02578125
15 0.52421875 0.6375 0.02265625 0.0234375
14 0.25078125 0.7046875 0.1109375 0.1703125
15 0.0109375 0.678125 0.021875 0.059375
13 0.5125 0.6640625 0.01171875 0.03203125
13 0.5671875 0.66875 0.0125 0.0359375
13 0.55078125 0.6765625 0.015625 0.04375
14 0.32734375 0.63984375 0.025 0.015625
14 0.73125 0.6515625 0.009375 0.01953125
14 0.65 0.64140625 0.01953125 0.028125
14 0.71328125 0.6453125 0.0140625 0.02109375
14 0.63515625 0.634375 0.0109375 0.0109375
14 0.69921875 0.634375 0.0171875 0.0171875
14 0.66171875 0.63125 0.0109375 0.01328125
