10 0.321875 0.61875 0.059375 0.05078125
10 0.5359375 0.6078125 0.021875 0.03515625
10 0.27734375 0.61171875 0.04375 0.028125
10 0.45390625 0.60625 0.0296875 0.03046875
10 0.4234375 0.6078125 0.0328125 0.03203125
10 0.021875 0.6046875 0.0421875 0.04140625
10 0.55703125 0.59921875 0.01484375 0.02421875
10 0.8703125 0.61171875 0.10390625 0.06171875
10 0.1640625 0.60859375 0.015625 0.02421875
14 0.24375 0.62578125 0.0171875 0.05546875
14 0.5015625 0.596875 0.0140625 0.0171875
10 0.4765625 0.5984375 0.01640625 0.0171875
14 0.5140625 0.5953125 0.0125 0.0171875
10 0.53359375 0.5921875 0.0125 0.01484375
10 0.48984375 0.6 0.0140625 0.01875
