10 0.77578125 0.61953125 0.05625 0.0671875
10 0.85546875 0.615625 0.0328125 0.0546875
13 0.16796875 0.82265625 0.23671875 0.3390625
10 0.621875 0.60859375 0.02734375 0.0546875
15 0.7046875 0.60078125 0.04921875 0.05625
10 0.2328125 0.61953125 0.1015625 0.08671875
13 0.39375 0.615625 0.0265625 0.046875
15 0.90625 0.61953125 0.03359375 0.0671875
13 0.79921875 0.66640625 0.0296875 0.0828125
13 0.83515625 0.684375 0.0375 0.096875
13 0.9703125 0.64140625 0.021875 0.05390625
13 0.43671875 0.615625 0.02421875 0.03984375
13 0.3453125 0.6171875 0.03125 0.05390625
15 0.80625 0.60234375 0.02890625 0.04375
14 0.49609375 0.60625 0.028125 0.06171875
14 0.090625 0.59140625 0.02109375 0.02890625
