10 0.790625 0.61484375 0.0421875 0.0484375
13 0.5734375 0.81328125 0.11015625 0.31640625
10 0.8265625 0.61171875 0.03203125 0.0421875
10 0.32265625 0.62890625 0.12421875 0.090625
13 0.13984375 0.634375 0.046875 0.06796875
14 0.25859375 0.62265625 0.06640625 0.09140625
13 0.03828125 0.64921875 0.071875 0.09375
10 0.54609375 0.628125 0.14375 0.14375
13 0.8625 0.64140625 0.02421875 0.0609375
13 0.74921875 0.65546875 0.02421875 0.071875
15 0.6078125 0.6 0.028125 0.0546875
13 0.92265625 0.62421875 0.01484375 0.0375
10 0.7984375 0.596875 0.02421875 0.0234375
13 0.8484375 0.63046875 0.01328125 0.0421875
