13 0.30625 0.83125 0.07578125 0.184375
13 0.37734375 0.76640625 0.05546875 0.115625
10 0.55625 0.73125 0.128125 0.1125
10 0.05078125 0.7234375 0.03203125 0.0390625
10 0.17265625 0.7203125 0.03984375 0.04765625
10 0.95546875 0.728125 0.0890625 0.10703125
10 0.12578125 0.74609375 0.0703125 0.0796875
14 0.80546875 0.72734375 0.078125 0.0921875
10 0.015625 0.725 0.0265625 0.0390625
10 0.6515625 0.7015625 0.025 0.01953125
10 0.25 0.72578125 0.04453125 0.04296875
10 0.3953125 0.7203125 0.09375 0.07578125
15 0.20234375 0.71796875 0.0203125 0.0296875
10 0.121875 0.70546875 0.02265625 0.0109375
14 0.03359375 0.71328125 0.0125 0.0140625
13 0.75078125 0.74375 0.0375 0.0515625
14 0.70078125 0.69765625 0.01796875 0.01484375
14 0.6296875 0.7015625 0.01953125 0.021875
14 0.00859375 0.71015625 0.015625 0.0125
