10 0.18125 0.7546875 0.0953125 0.134375
10 0.01171875 0.734375 0.0234375 0.04609375
13 0.36328125 0.91484375 0.10703125 0.16328125
10 0.5609375 0.72421875 0.06640625 0.04140625
10 0.771875 0.85 0.44296875 0.29296875
10 0.07890625 0.7390625 0.03359375 0.05625
10 0.06484375 0.7296875 0.0171875 0.034375
10 0.28046875 0.71796875 0.05703125 0.0375
14 0.3640625 0.721875 0.03125 0.0375
10 0.22578125 0.715625 0.0203125 0.03359375
16 0.6453125 0.63203125 0.0234375 0.02265625
13 0.08984375 0.76484375 0.01953125 0.053125
16 0.60234375 0.6265625 0.01875 0.0203125
10 0.10625 0.72421875 0.02890625 0.03046875
16 0.6265625 0.63046875 0.01953125 0.02421875
