16 0.059375 0.678125 0.11328125 0.07421875
16 0.33046875 0.66953125 0.05234375 0.0375
16 0.28515625 0.67578125 0.0421875 0.05703125
16 0.3890625 0.6640625 0.02734375 0.0203125
10 0.5828125 0.6703125 0.04296875 0.0296875
13 0.81015625 0.9046875 0.30234375 0.178125
13 0.23125 0.6890625 0.02265625 0.0515625
10 0.31171875 0.665625 0.01875 0.0265625
15 0.515625 0.66640625 0.02421875 0.02890625
10 0.234375 0.66640625 0.0171875 0.0171875
15 0.1421875 0.66640625 0.04921875 0.04921875
13 0.19296875 0.68046875 0.01796875 0.034375
15 0.25703125 0.66328125 0.0125 0.01640625
14 0.4578125 0.6609375 0.03125 0.03125
13 0.7078125 0.8515625 0.125 0.234375
15 0.2828125 0.64921875 0.02109375 0.01484375
