10 0.08359375 0.64296875 0.03203125 0.040625
10 0.13125 0.6453125 0.03984375 0.05234375
10 0.33203125 0.60625 0.0296875 0.03046875
10 0.48671875 0.62421875 0.07421875 0.0359375
10 0.8578125 0.7859375 0.2796875 0.42265625
14 0.44296875 0.61640625 0.0390625 0.03671875
10 0.2125 0.6078125 0.01328125 0.02578125
10 0.3109375 0.6015625 0.0140625 0.02265625
10 0.8703125 0.48984375 0.02890625 0.03671875
16 0.89375 0.490625 0.03046875 0.03203125
16 0.84375 0.484375 0.034375 0.03125
10 0.25 0.58359375 0.009375 0.0109375
10 0.10078125 0.63359375 0.025 0.0375
10 0.31953125 0.603125 0.0109375 0.021875
