10 0.5921875 0.63515625 0.025 0.034375
16 0.32109375 0.63125 0.07421875 0.06015625
15 0.52421875 0.6234375 0.02578125 0.02578125
10 0.50234375 0.62734375 0.0234375 0.02109375
16 0.3765625 0.63515625 0.0359375 0.0359375
14 0.4328125 0.65859375 0.05390625 0.0953125
13 0.5359375 0.66328125 0.01640625 0.046875
14 0.4515625 0.62578125 0.02890625 0.03125
14 0.61796875 0.62109375 0.01015625 0.01171875
14 0.48671875 0.6265625 0.021875 0.02421875
13 0.57734375 0.65078125 0.01484375 0.0328125
14 0.63359375 0.6390625 0.01875 0.034375
15 0.63359375 0.6171875 0.0140625 0.01796875
