10 0.3796875 0.746875 0.03671875 0.046875
10 0.96015625 0.8140625 0.0796875 0.09765625
10 0.59609375 0.7734375 0.053125 0.0625
16 0.25859375 0.7609375 0.05625 0.0765625
16 0.29296875 0.74765625 0.02890625 0.0390625
10 0.559375 0.7703125 0.03828125 0.05078125
10 0.49765625 0.7640625 0.03046875 0.04609375
10 0.71640625 0.78359375 0.0859375 0.07890625
10 0.1625 0.7328125 0.0296875 0.0296875
10 0.22734375 0.73671875 0.01875 0.028125
13 0.41640625 0.771875 0.0203125 0.0453125
10 0.32578125 0.74375 0.02734375 0.03671875
14 0.4546875 0.7640625 0.04921875 0.090625
13 0.915625 0.825 0.02578125 0.04765625
13 0.18046875 0.75625 0.01171875 0.03515625
13 0.1515625 0.74375 0.0203125 0.02734375
