13 0.5484375 0.71171875 0.0484375 0.12265625
13 0.42578125 0.6984375 0.040625 0.10859375
13 0.36015625 0.7171875 0.04609375 0.12265625
14 0.16171875 0.66484375 0.08203125 0.17265625
10 0.9328125 0.64921875 0.1296875 0.15
13 0.23203125 0.64921875 0.015625 0.04921875
10 0.01171875 0.5921875 0.0234375 0.01796875
14 0.30078125 0.64375 0.04375 0.09453125
14 0.234375 0.628125 0.0265625 0.04765625
13 0.2125 0.6296875 0.0109375 0.025
14 0.7390625 0.64296875 0.06796875 0.09453125
10 0.3328125 0.63046875 0.02109375 0.040625
