13 0.284375 0.71328125 0.18359375 0.278125
10 0.57890625 0.55234375 0.06875 0.03125
16 0.4734375 0.5484375 0.09453125 0.0421875
15 0.94609375 0.559375 0.0328125 0.0390625
10 0.7828125 0.5578125 0.0328125 0.01796875
10 0.73515625 0.54609375 0.05625 0.0375
13 0.93828125 0.6109375 0.02421875 0.0640625
14 0.8421875 0.5828125 0.06953125 0.11875
13 0.98203125 0.59765625 0.02421875 0.0640625
14 0.8828125 0.55859375 0.0109375 0.01484375
13 0.90546875 0.5828125 0.0125 0.03359375
13 0.95390625 0.58515625 0.01328125 0.03515625
14 0.66875 0.553125 0.01484375 0.02265625
14 0.7203125 0.55546875 0.02578125 0.01796875
