1 0.76484375 0.603125 0.03515625 0.05390625
1 0.69609375 0.590625 0.0234375 0.0359375
4 0.86015625 0.58828125 0.09765625 0.06640625
1 0.0328125 0.5828125 0.06484375 0.09296875
1 0.3296875 0.58828125 0.06484375 0.0359375
4 0.4828125 0.578125 0.0375 0.03046875
1 0.5765625 0.58046875 0.034375 0.02109375
2 0.7125 0.61484375 0.01875 0.04296875
0 0.66953125 0.5859375 0.0234375 0.034375
1 0.61875 0.60546875 0.0578125 0.0859375
4 0.3046875 0.57265625 0.0140625 0.02109375
0 0.5296875 0.5796875 0.0296875 0.02265625
1 0.61328125 0.5796875 0.04140625 0.034375
4 0.65234375 0.58515625 0.015625 0.0296875
4 0.27890625 0.57265625 0.01875 0.02421875
4 0.7296875 0.5890625 0.02421875 0.028125
4 0.40703125 0.57578125 0.046875 0.0359375
4 0.55625 0.58125 0.0109375 0.01640625
4 0.21015625 0.5765625 0.02265625 0.01640625
4 0.7875 0.5796875 0.01796875 0.021875
4 0.80234375 0.59453125 0.015625 0.04296875
4 0.7140625 0.578125 0.0125 0.015625
4 0.3609375 0.5734375 0.034375 0.02578125
4 0.765625 0.57890625 0.02890625 0.02265625
