2 0.74140625 0.79609375 0.15703125 0.346875
2 0.62734375 0.66328125 0.0609375 0.11171875
1 0.9421875 0.615625 0.0953125 0.08359375
1 0.86484375 0.615625 0.0796875 0.07734375
1 0.7875 0.61953125 0.0578125 0.05
1 0.82734375 0.6140625 0.040625 0.06015625
1 0.21171875 0.6234375 0.22734375 0.16875
4 0.5015625 0.61484375 0.0640625 0.0828125
0 0.64765625 0.61640625 0.040625 0.0640625
4 0.07265625 0.62421875 0.065625 0.1125
1 0.02265625 0.61953125 0.04375 0.08125
2 0.04453125 0.76015625 0.08671875 0.23125
4 0.38203125 0.61015625 0.08203125 0.084375
4 0.44609375 0.60078125 0.034375 0.0265625
