1 0.34609375 0.7 0.059375 0.0765625
2 0.4140625 0.7484375 0.04140625 0.128125
1 0.17890625 0.69453125 0.0359375 0.04609375
2 0.8 0.86875 0.23828125 0.26171875
1 0.23515625 0.69609375 0.0296875 0.065625
3 0.8265625 0.54453125 0.02734375 0.02265625
1 0.80390625 0.54609375 0.0203125 0.02421875
3 0.775 0.54140625 0.0203125 0.01953125
4 0.534375 0.64765625 0.04296875 0.02734375
1 0.2515625 0.68125 0.009375 0.02109375
1 0.37734375 0.63671875 0.015625 0.0109375
1 0.7859375 0.54296875 0.021875 0.02109375
