3 0.68046875 0.79609375 0.20234375 0.13046875
1 0.3140625 0.7453125 0.05 0.046875
2 0.11640625 0.78046875 0.01328125 0.0421875
1 0.2046875 0.71796875 0.03046875 0.0375
3 0.0390625 0.76796875 0.04375 0.05703125
4 0.2296875 0.83125 0.08984375 0.175
1 0.1578125 0.70703125 0.01796875 0.0265625
2 0.03515625 0.9203125 0.0703125 0.153125
2 0.075 0.778125 0.015625 0.0421875
1 0.18515625 0.71875 0.0171875 0.025
1 0.07578125 0.7453125 0.01953125 0.02421875
4 0.6015625 0.75859375 0.040625 0.028125
1 0.040625 0.73671875 0.01953125 0.0171875
1 0.0890625 0.74609375 0.0125 0.0171875
1 0.496875 0.75234375 0.04921875 0.025
