1 0.18125 0.7546875 0.0953125 0.134375
1 0.01171875 0.734375 0.0234375 0.04609375
2 0.36328125 0.91484375 0.10703125 0.16328125
1 0.5609375 0.72421875 0.06640625 0.04140625
1 0.771875 0.85 0.44296875 0.29296875
1 0.07890625 0.7390625 0.03359375 0.05625
1 0.06484375 0.7296875 0.0171875 0.034375
1 0.28046875 0.71796875 0.05703125 0.0375
4 0.3640625 0.721875 0.03125 0.0375
1 0.22578125 0.715625 0.0203125 0.03359375
3 0.6453125 0.63203125 0.0234375 0.02265625
2 0.08984375 0.76484375 0.01953125 0.053125
3 0.60234375 0.6265625 0.01875 0.0203125
1 0.10625 0.72421875 0.02890625 0.03046875
3 0.6265625 0.63046875 0.01953125 0.02421875
