3 0.059375 0.678125 0.11328125 0.07421875
3 0.33046875 0.66953125 0.05234375 0.0375
3 0.28515625 0.67578125 0.0421875 0.05703125
3 0.3890625 0.6640625 0.02734375 0.0203125
1 0.5828125 0.6703125 0.04296875 0.0296875
2 0.81015625 0.9046875 0.30234375 0.178125
2 0.23125 0.6890625 0.02265625 0.0515625
1 0.31171875 0.665625 0.01875 0.0265625
0 0.515625 0.66640625 0.02421875 0.02890625
1 0.234375 0.66640625 0.0171875 0.0171875
0 0.1421875 0.66640625 0.04921875 0.04921875
2 0.19296875 0.68046875 0.01796875 0.034375
0 0.25703125 0.66328125 0.0125 0.01640625
4 0.4578125 0.6609375 0.03125 0.03125
2 0.7078125 0.8515625 0.125 0.234375
0 0.2828125 0.64921875 0.02109375 0.01484375
