2 0.228125 0.73984375 0.05703125 0.14765625
2 0.46953125 0.84921875 0.11171875 0.2765625
3 0.19375 0.63046875 0.03125 0.040625
1 0.4953125 0.66640625 0.19921875 0.22734375
0 0.28515625 0.61875 0.05234375 0.03125
2 0.271875 0.64921875 0.0140625 0.040625
3 0.365625 0.61875 0.0515625 0.0296875
2 0.10078125 0.63125 0.01015625 0.0234375
0 0.1265625 0.61796875 0.01484375 0.0203125
0 0.34453125 0.61953125 0.0234375 0.028125
0 0.16328125 0.615625 0.01484375 0.0203125
2 0.1453125 0.62578125 0.00703125 0.01796875
2 0.16875 0.646875 0.0296875 0.05
