1 0.81328125 0.61640625 0.0625 0.0578125
1 0.8671875 0.60625 0.04921875 0.04453125
2 0.9515625 0.68828125 0.04921875 0.12265625
2 0.6078125 0.6671875 0.0625 0.13203125
1 0.775 0.60859375 0.0578125 0.05703125
2 0.78046875 0.63671875 0.02734375 0.0703125
0 0.978125 0.6109375 0.0375 0.03984375
1 0.6546875 0.61015625 0.10078125 0.10234375
0 0.56953125 0.60390625 0.04453125 0.0609375
1 0.4015625 0.63359375 0.23046875 0.19453125
4 0.5125 0.60625 0.05 0.0640625
4 0.03671875 0.61171875 0.071875 0.11328125
4 0.24921875 0.60390625 0.09375 0.09296875
4 0.0859375 0.596875 0.0359375 0.0265625
2 0.21875 0.6203125 0.0453125 0.06953125
