4 0.696875 0.778125 0.0640625 0.07890625
1 0.97734375 0.8234375 0.0421875 0.0765625
1 0.47265625 0.75703125 0.02734375 0.0453125
1 0.35390625 0.7390625 0.046875 0.04609375
3 0.56875 0.76484375 0.05703125 0.06171875
3 0.26328125 0.76328125 0.07578125 0.10234375
3 0.5359375 0.7640625 0.03984375 0.05078125
1 0.20234375 0.73125 0.01953125 0.03046875
2 0.39140625 0.7640625 0.02109375 0.04765625
2 0.803125 0.80625 0.0234375 0.04375
1 0.12109375 0.7296875 0.025 0.03203125
4 0.43046875 0.75703125 0.04921875 0.09296875
4 0.16796875 0.73359375 0.02265625 0.04140625
1 0.3 0.73125 0.0265625 0.03359375
1 0.1359375 0.72734375 0.0171875 0.0328125
2 0.184375 0.74921875 0.0125 0.03828125
2 0.1515625 0.75234375 0.01328125 0.03984375
