4 0.6671875 0.7625 0.06484375 0.08125
4 0.403125 0.74375 0.0515625 0.090625
1 0.54375 0.75078125 0.0515625 0.0609375
1 0.96015625 0.80078125 0.07890625 0.09296875
1 0.45078125 0.74375 0.01875 0.0453125
1 0.50703125 0.75078125 0.03984375 0.0515625
1 0.8296875 0.78046875 0.12265625 0.09296875
1 0.29921875 0.76796875 0.11953125 0.15
1 0.1734375 0.7203125 0.02109375 0.03125
1 0.23046875 0.72734375 0.028125 0.03671875
1 0.1046875 0.7140625 0.02265625 0.02890625
1 0.34296875 0.73203125 0.015625 0.03125
4 0.140625 0.721875 0.02265625 0.04375
2 0.121875 0.7453125 0.015625 0.04453125
2 0.1640625 0.74375 0.01484375 0.04296875
