2 0.37890625 0.7328125 0.0796875 0.1359375
2 0.87265625 0.68125 0.01953125 0.04765625
1 0.771875 0.64296875 0.03671875 0.02578125
2 0.73515625 0.67734375 0.01875 0.04453125
2 0.9078125 0.67890625 0.015625 0.0453125
2 0.70234375 0.67265625 0.015625 0.04375
4 0.54453125 0.63828125 0.04375 0.04296875
1 0.5265625 0.6390625 0.02890625 0.02890625
2 0.946875 0.67421875 0.0203125 0.0421875
4 0.753125 0.64296875 0.01953125 0.02265625
1 0.978125 0.66171875 0.0359375 0.05703125
1 0.91953125 0.6453125 0.01640625 0.0203125
1 0.84453125 0.64140625 0.01796875 0.01484375
1 0.43359375 0.63203125 0.02578125 0.0265625
1 0.721875 0.64140625 0.015625 0.021875
1 0.50859375 0.634375 0.01484375 0.021875
4 0.60078125 0.63984375 0.0328125 0.03828125
4 0.65 0.64140625 0.0390625 0.03046875
1 0.7125 0.64375 0.01875 0.0265625
1 0.959375 0.64296875 0.01171875 0.01953125
1 0.15234375 0.6140625 0.08203125 0.0484375
1 0.4578125 0.6328125 0.0359375 0.028125
