4 0.5328125 0.63359375 0.03515625 0.03671875
1 0.08515625 0.67265625 0.0671875 0.08984375
1 0.11875 0.63359375 0.02890625 0.046875
1 0.30625 0.61796875 0.0265625 0.02109375
1 0.25859375 0.60390625 0.015625 0.01875
1 0.85546875 0.49375 0.028125 0.0359375
2 0.2328125 0.6640625 0.01953125 0.0578125
2 0.196875 0.6234375 0.00859375 0.025
1 0.8828125 0.49453125 0.03515625 0.0328125
1 0.8328125 0.48984375 0.03125 0.0296875
4 0.5140625 0.63359375 0.0140625 0.0390625
1 0.81640625 0.48515625 0.02578125 0.0265625
4 0.2828125 0.60859375 0.01328125 0.01640625
