2 0.8578125 0.8234375 0.10625 0.265625
2 0.56171875 0.865625 0.15 0.25390625
1 0.6078125 0.63671875 0.07578125 0.059375
1 0.95859375 0.66640625 0.0828125 0.1046875
2 0.8875 0.6625 0.01484375 0.03984375
1 0.79375 0.62421875 0.02578125 0.028125
1 0.75078125 0.6296875 0.01953125 0.0265625
2 0.5171875 0.65859375 0.0203125 0.0375
1 0.9015625 0.62109375 0.01796875 0.02265625
1 0.81875 0.62734375 0.0125 0.01796875
0 0.21875 0.7140625 0.4296875 0.55546875
1 0.72578125 0.6296875 0.0140625 0.025
1 0.67734375 0.6296875 0.034375 0.03203125
1 0.8875 0.62109375 0.01484375 0.01875
1 0.57109375 0.63125 0.01640625 0.0203125
