2 0.5359375 0.6984375 0.059375 0.12265625
1 0.5328125 0.61484375 0.0859375 0.075
1 0.72578125 0.61796875 0.06875 0.07578125
1 0.34375 0.63984375 0.1578125 0.109375
4 0.93203125 0.615625 0.03359375 0.0765625
1 0.23828125 0.62578125 0.171875 0.13125
1 0.6546875 0.609375 0.05625 0.06015625
4 0.09609375 0.621875 0.1 0.103125
4 0.98359375 0.61328125 0.03203125 0.04375
2 0.9015625 0.6359375 0.02421875 0.0578125
1 0.8546875 0.6046875 0.01875 0.02265625
4 0.434375 0.6125 0.04375 0.06484375
4 0.79375 0.60625 0.01328125 0.0234375
0 0.8265625 0.60234375 0.02421875 0.02890625
4 0.96171875 0.61015625 0.0203125 0.03671875
0 0.8671875 0.603125 0.0140625 0.025
1 0.896875 0.6125 0.034375 0.0421875
2 0.06015625 0.64296875 0.05234375 0.06875
