1 0.496875 0.67734375 0.0328125 0.0453125
1 0.51640625 0.66171875 0.0171875 0.0203125
1 0.66484375 0.67265625 0.0296875 0.02265625
1 0.4578125 0.66328125 0.01640625 0.0265625
1 0.23046875 0.646875 0.05625 0.053125
0 0.42734375 0.68046875 0.046875 0.09921875
1 0.53359375 0.66015625 0.01875 0.02265625
1 0.63203125 0.66875 0.02265625 0.0171875
4 0.7171875 0.671875 0.04453125 0.03125
1 0.5984375 0.665625 0.0203125 0.01875
4 0.33671875 0.665625 0.0328125 0.07109375
4 0.57734375 0.68046875 0.03046875 0.0640625
1 0.48046875 0.65859375 0.01484375 0.01875
1 0.071875 0.6390625 0.13828125 0.1484375
4 0.5078125 0.66015625 0.01171875 0.01875
4 0.4015625 0.64921875 0.0140625 0.025
4 0.36796875 0.646875 0.015625 0.028125
4 0.321875 0.64609375 0.009375 0.01953125
