3 0.5046875 0.7703125 0.1109375 0.07890625
1 0.3015625 0.74296875 0.0390625 0.03671875
2 0.059375 0.9125 0.109375 0.16796875
1 0.22265625 0.71796875 0.0234375 0.0296875
3 0.0859375 0.775 0.040625 0.05625
1 0.1828125 0.7125 0.01640625 0.021875
2 0.12265625 0.7828125 0.0140625 0.03671875
2 0.14296875 0.78203125 0.01015625 0.03125
1 0.0859375 0.74453125 0.02578125 0.021875
4 0.203125 0.80390625 0.0515625 0.10390625
1 0.11953125 0.75546875 0.03359375 0.0296875
1 0.20859375 0.71640625 0.0140625 0.0265625
