2 0.0734375 0.7359375 0.14609375 0.196875
1 0.565625 0.64765625 0.10390625 0.05
2 0.9515625 0.7125 0.03125 0.07265625
1 0.7046875 0.6421875 0.0453125 0.02890625
1 0.915625 0.64921875 0.03203125 0.025
1 0.94375 0.646875 0.03125 0.02109375
4 0.8328125 0.64921875 0.03046875 0.03125
3 0.34140625 0.6125 0.08359375 0.04921875
1 0.63125 0.6359375 0.03828125 0.028125
2 0.73125 0.653125 0.02890625 0.03125
1 0.60859375 0.6328125 0.02578125 0.0234375
1 0.68671875 0.6390625 0.0125 0.021875
2 0.7953125 0.65390625 0.025 0.0296875
1 0.06171875 0.60234375 0.12109375 0.06796875
1 0.2203125 0.6109375 0.090625 0.0578125
