1 0.18515625 0.62265625 0.0421875 0.0484375
2 0.46953125 0.86484375 0.1765625 0.26328125
4 0.39609375 0.6125 0.0296875 0.02890625
1 0.25625 0.60625 0.05078125 0.02578125
2 0.3125 0.64921875 0.021875 0.05859375
4 0.33828125 0.61015625 0.0296875 0.0234375
1 0.90703125 0.72109375 0.178125 0.5265625
4 0.134375 0.6109375 0.01796875 0.02578125
4 0.0875 0.6046875 0.02109375 0.025
4 0.371875 0.61171875 0.0203125 0.02265625
2 0.025 0.62734375 0.0171875 0.0421875
4 0.03671875 0.60234375 0.0140625 0.02265625
4 0.059375 0.603125 0.02109375 0.01875
2 0.14765625 0.63828125 0.04140625 0.06484375
4 0.221875 0.60703125 0.01953125 0.02109375
2 0.109375 0.61484375 0.0078125 0.0234375
4 0.52109375 0.62265625 0.0234375 0.0328125
