1 0.18359375 0.746875 0.06328125 0.07734375
1 0.03515625 0.74765625 0.03671875 0.04765625
2 0.22265625 0.865625 0.0546875 0.14375
3 0.109375 0.75078125 0.04140625 0.05390625
1 0.26015625 0.72421875 0.028125 0.0328125
3 0.753125 0.75625 0.12890625 0.07265625
1 0.3421875 0.7296875 0.03203125 0.0359375
1 0.3171875 0.72890625 0.034375 0.03359375
1 0.425 0.82578125 0.21171875 0.2265625
1 0.08984375 0.74453125 0.01015625 0.02890625
1 0.12890625 0.734375 0.01328125 0.01953125
1 0.2328125 0.7203125 0.01640625 0.0234375
